#Slope  ran_slope_unc  corr_slope_unc  both_slope_unc  eqn_slope_unc ran_yint_unc  corr_yint_unc  both_yint_unc  eqn_yint_unc
   1.00000     1.28423     0.12736     1.27994     1.28212     7.92138     0.45857     7.93556     7.91321
   1.62378     1.27873     0.16190     1.29123     1.28553     7.91960     0.58474     7.93494     7.92053
   2.63665     1.25857     0.20600     1.28155     1.29143     7.87716     0.73538     7.86443     7.93318
   4.28133     1.28469     0.26380     1.31820     1.30149     7.98354     0.93913     8.08909     7.95481
   6.95193     1.28026     0.33062     1.30784     1.31751     7.94150     1.20075     7.97514     7.98929
  11.28838     1.27859     0.42035     1.33902     1.34339     7.94562     1.54358     7.99245     8.04516
  18.32981     1.26170     0.53887     1.39006     1.38425     7.87382     1.92221     8.19530     8.13370
  29.76351     1.26183     0.67811     1.46127     1.44818     7.79927     2.43973     8.29700     8.27291
  48.32930     1.28081     0.87483     1.55699     1.54584     7.95469     3.01724     8.50559     8.48661
  78.47600     1.26117     1.11742     1.68295     1.69191     7.88908     3.71221     8.70007     8.80708
 127.42750     1.29031     1.40283     1.91087     1.90400     8.16225     4.58090     9.13038     9.27040
 206.91381     1.29468     1.79002     2.20079     2.20252     8.19238     5.48900     9.96707     9.91171
 335.98183     1.32479     2.25679     2.59382     2.61059     8.63740     6.50662    10.77633    10.75913
 545.55948     1.37376     2.81658     3.14131     3.15444     9.09453     7.62262    12.02769    11.83114
 885.86679     1.42690     3.57750     3.85519     3.86703     9.78126     8.77927    13.04119    13.14478
1438.44989     1.52160     4.48688     4.73334     4.78903    10.64428    10.24742    14.81690    14.72010
2335.72147     1.65876     5.67756     5.99300     5.97381    11.84497    11.73964    16.65991    16.59022
3792.69019     1.79777     7.36220     7.54731     7.49093    12.94626    13.84960    18.99586    18.80523
6158.48211     1.96851     9.26002     9.33256     9.42964    14.28184    15.96898    21.29213    21.43530
10000.00000     2.20032    11.52104    12.03279    11.90419    16.10426    18.51134    24.39544    24.57727
